124 111111
110 111110
84 1111011
85 1111010
109 111100
112 111011
113 111010
66 1110011
33 11100101
14 111001001
29 111001000
126 111000
106 110111
125 110110
108 110101
133 110100
114 110011
179 110010
86 1100011
206 1100010
121 110000
134 101111
48 101110
56 101101
116 101100
187 1010111
239 10101101
232 10101100
87 1010101
43 1010100
135 101001
117 101000
178 100111
88 1001101
240 10011001
34 10011000
213 100101
120 100100
115 100011
119 100010
65 1000011
238 10000101
221 10000100
138 100000
89 0111111
186 0111110
136 011110
118 011101
137 011100
44 0110111
207 0110110
139 011010
140 011001
49 011000
233 01011111
7 0101111011
249 010111101011
4 01011110101011
255 010111101010101111
1 0101111010101011101
0 01011110101010111001
2 01011110101010111000
3 01011110101010110
254 0101111010101010
253 010111101010100
5 0101111010100
252 01011110100111
251 01011110100110
250 0101111010010
6 010111101000
30 010111100
90 0101110
55 010110
141 010101
142 010100
177 010011
212 010010
223 01000111
237 01000110
91 0100010
173 010000
35 00111111
8 00111110
244 001111011
13 001111010
234 00111100
144 001110
176 001101
174 001100
203 00101111
201 00101110
185 0010110
143 001010
62 0010011
208 0010010
172 001000
175 000111
145 000110
61 0001011
63 0001010
54 000100
92 0000111
45 0000110
146 000010
50 000001
200 00000011
199 00000010
202 00000001
235 00000000
147 111111
171 111110
93 1111011
236 11110101
197 11110100
148 111100
64 1110111
196 11101101
198 11101100
170 111010
153 111001
168 111000
149 110111
150 110110
152 110101
151 110100
167 110011
94 1100101
31 110010011
24 1100100101
23 1100100100
36 11001000
169 110001
215 110000
218 1011111
22 1011110111
21 1011110110
19 1011110101
20 1011110100
195 10111100
216 101110
154 101101
166 101100
52 101011
194 10101011
204 10101010
184 1010100
155 101001
51 101000
163 100111
156 100110
157 100101
160 100100
95 1000111
224 100011011
25 1000110101
26 1000110100
37 10001100
161 100010
53 100001
46 1000001
243 100000011
12 100000010
193 10000000
162 011111
165 011110
164 011101
158 011100
159 011011
96 0110101
38 01101001
192 01101000
183 0110011
219 0110010
17 0110001111
18 0110001110
225 011000110
11 011000101
9 011000100
60 0110000
220 01011111
246 01011110111
248 010111101101
247 010111101100
245 0101111010
226 010111100
99 0101110
182 0101101
98 0101100
227 010101111
15 0101011101
16 0101011100
191 01010110
97 0101010
47 0101001
74 01010001
190 01010000
211 0100111
228 010011011
32 010011010
73 01001100
210 0100101
76 01001001
71 01001000
101 0100011
75 01000101
39 01000100
100 0100001
72 01000001
229 010000001
27 0100000001
28 0100000000
129 0011111
130 0011110
59 0011101
70 00111001
69 00111000
181 0011011
242 001101011
230 001101010
77 00110100
128 0011001
104 0011000
102 0010111
78 00101101
40 00101100
189 00101011
67 00101010
122 0010100
131 0010011
105 0010010
103 0010001
79 00100001
80 00100000
209 0001111
231 000111011
10 000111010
68 00011100
81 00011011
205 00011010
180 0001100
42 00010111
82 00010110
214 0001010
58 0001001
217 0001000
57 0000111
41 00001101
83 00001100
123 0000101
127 0000100
188 00000111
241 000001101
222 000001100
111 0000010
132 0000001
107 0000000
